578080 (1.319056, -1.253736)
2358720 (-4.302963, 1.327386)
1623730 (4.451560, -0.235848)
730 (1.535556, -1.355629)
1599340 (2.709701, 0.742744)
570 (2.236909, -2.019790)
1091500 (6.444506, -4.451405)
1245620 (6.005193, -4.132949)
2923300 (2.879859, 1.725031)
1063730 (1.945467, -0.194353)
990080 (7.400535, -4.206379)
1086940 (8.463199, -1.738464)
1568590 (2.606512, -2.909925)
1172470 (0.336143, -1.531950)
892970 (6.667280, -2.033178)
1938090 (4.934666, -3.652430)
1515950 (-20.827113, 33.540180)
377160 (7.193913, -1.217003)
532210 (-30.215758, -18.433893)
1755910 (-47.387838, -72.892583)
553850 (4.032567, -2.415739)
945360 (3.462982, -4.924524)
1326470 (9.048759, -7.382026)
552990 (-0.658701, -6.536488)
1203220 (0.153853, -0.999554)
271590 (3.403661, -2.576740)
2429640 (-2.329159, 5.716297)
582010 (3.087098, -2.600792)
1716740 (9.661248, -3.678765)
1085660 (-0.478731, 1.067578)
72850 (6.516067, -3.596269)
534380 (9.861279, -4.936800)
1240440 (-2.550534, 1.694327)
343710 (4.068297, -51.238117)
2074920 (1.095850, -0.984439)
899770 (5.179694, -3.289968)
1449850 (-1.692980, -1.095792)
346110 (5.584399, -1.857137)
261550 (4.726456, -1.667722)
218620 (3.257852, -1.775116)