578080 1.3190556219 -1.2537360860
2358720 -4.3029626098 1.3273861994
1623730 4.4515601239 -0.2358480463
730 1.5355562869 -1.3556294962
1599340 2.7097011676 0.7427437249
570 2.2369093633 -2.0197899299
1091500 6.4445062914 -4.4514047442
1245620 6.0051927272 -4.1329488905
2923300 2.8798588145 1.7250314495
1063730 1.9454672787 -0.1943529769
990080 7.4005345600 -4.2063785773
1086940 8.4631990941 -1.7384640369
1568590 2.6065117867 -2.9099248854
1172470 0.3361433772 -1.5319497357
892970 6.6672802918 -2.0331779420
1938090 4.9346658484 -3.6524297895
105600 5.8076269772 -3.1924626793
1515950 -20.8271129685 33.5401801944
377160 7.1939126215 -1.2170027651
532210 -30.2157576444 -18.4338931611
1755910 -47.3878382445 -72.8925830663
553850 4.0325667867 -2.4157393254
945360 3.4629822418 -4.9245237809
1326470 9.0487586947 -7.3820260350
232770 -18.1945057125 -82.4943516916
552990 -0.6587012049 -6.5364880241
1203220 0.1538526946 -0.9995544026
271590 3.4036614711 -2.5767399321
863550 -3.9062485321 5.3133110127
370910 25.1739251901 52.5371186218
2429640 -2.3291589696 5.7162968013
582010 3.0870979818 -2.6007922504
1716740 9.6612477601 -3.6787648032
622590 -25.6566814164 -4.3215350038
10 2.1370788607 -1.1654173953
1085660 -0.4787312848 1.0675776569
72850 6.5160671470 -3.5962691128
534380 9.8612792594 -4.9368004740
1240440 -2.5505335481 1.6943272393
343710 4.0682967522 -51.2381168641
2076040 12.9558662410 -6.2907079506
2074920 1.0958498660 -0.9844392290
899770 5.1796938883 -3.2899679386
1449850 -1.6929801010 -1.0957917853
440 2.6254564646 -3.3053154717
346110 5.5843985378 -1.8571367048
261550 4.7264560874 -1.6677218406
218620 3.2578524420 -1.7751158754
252490 4.1895109120 -5.6823402576
448940 14.4157203994 -80.6982205047
2073850 4.9934316068 -3.4534206473
1966720 6.4601393308 -1.0891098992
413150 5.5564942230 -1.0309757870
2139460 3.0721325187 -0.1337648506
1446780 2.3827372879 -2.3824554108
238960 5.6735417302 -3.1070529601
2054970 13.4380592998 -7.5732871674
304390 1.2260827684 -2.9934957773
2183900 4.7186517136 -1.8687359533
218 -1.1599267654 2.6907536048
285800 -45.4092639395 12.5864964153
308600 7.1857921610 57.9431846112
275850 7.7586822050 -3.2367264778
2881650 0.0657549959 4.4791105382
1046930 3.0653772644 -1.1116415232
359550 3.2762882751 -3.3774909489
1205550 -6.7064797057 1.9044056270
779340 3.5223077924 -2.7439021575
278360 28.0501234374 -21.3513016481
230410 3.2647385459 -3.5358485000
1100600 2.3639098489 0.4851114961
1487290 -6.6167496235 6.4566898135
526870 5.6870323395 -1.2425192614
243750 10.2844338942 -13.6621481260
1468810 2.3121426314 -0.3333147504
402390 -48.5811453848 -44.5474426204
1363080 12.1011731243 -6.0958513700
510840 12.2851400540 44.2300334615
1097150 1.6842814220 -2.3699865265
1422450 5.9680769929 0.2545536729
2075730 34.0720029475 -26.0960671846
2050650 7.5526672096 -5.1602641381
1142710 5.8394946773 -3.4886361897
395170 14.0685570529 44.1015330576
96000 15.6219536449 44.2407669188
231430 4.5689768237 -3.4657367722
289070 7.3233962848 -3.9112272591
550 4.3006234530 -4.6741305696
976730 2.2392242210 -0.0063528894
1203620 7.2462493078 -3.8255340509
1638720 -14.2698451840 -38.8877818597
1888160 4.4943596377 -6.5528503192
491950 -30.2417297311 3.8238609897
1818750 -5.8338285130 4.2720196287
433850 2.6532049679 -1.8166540067
1604030 5.6728242887 -2.4401431082
431960 1.0590711071 -0.8271999603
638070 6.3337039043 -37.3413839922
1584640 66.6984874339 -4.0145942801
696370 -9.9838947620 33.4476658159
0 0 0