578080 -0.3449935731 -0.0288316319
2358720 -0.3205295539 0.0804630865
1623730 -0.0809559800 -0.0266562299
730 -0.1495834743 -0.0899909762
1599340 0.0514573302 -0.1046080999
570 -0.1172289456 -0.1498824472
1091500 -0.0427800640 -0.0551931875
1245620 -0.0476771874 -0.0571017821
2923300 0.0293899487 0.0228668936
1063730 0.0797192542 -0.1542905699
990080 -0.0199297924 -0.1729340005
1086940 0.1027144989 -0.1032537787
1568590 -0.4368307775 -0.2655556772
1172470 -0.1915229344 -0.0470378955
892970 0.0643560957 -0.1867884849
1938090 0.1314720353 -0.0859422895
105600 -0.0320111127 -0.0684925876
1515950 0.0032489023 -0.0031275559
377160 0.0437832294 -0.1006171688
532210 0.0760284836 -0.1897108222
1755910 0.0134961702 0.0357478816
553850 0.1122523218 -0.0700218402
945360 0.1748660598 -0.1459080876
1326470 0.0119538868 -0.1699753343
232770 0.0573561076 -0.1121967136
552990 -0.1745655048 0.0047376550
1203220 -0.4229184968 0.0875088046
271590 -0.1360941070 -0.0992754245
863550 -0.1089786976 -0.1069233918
370910 -0.0054744139 -0.0604124115
2429640 0.0530020058 -0.1461853698
582010 -0.2315824592 0.0137252507
1716740 0.0785242911 -0.1108238308
622590 -0.1934167227 0.0843514640
10 -0.0759925565 -0.1655212698
1085660 0.1165274162 -0.0299273645
72850 -0.0007740971 -0.1717102549
534380 -0.1031960838 -0.1221332202
1240440 0.3180789155 0.0563939107
343710 0.0874183655 0.0584380036
2074920 -0.0618036651 -0.0394418971
899770 -0.0461608787 -0.0952375278
1449850 -0.1194128436 0.0319533500
440 0.0467834467 -0.0237783807
346110 -0.0956853604 -0.0780685514
261550 -0.1210982290 -0.0719152591
218620 0.0248546686 -0.0178413497
252490 -0.0207061867 -0.1459679998
448940 0.4346065215 -0.5663902460
2073850 0.0516605057 -0.0880136654
1966720 0.1492630006 -0.0717049398
413150 -0.1898567800 -0.0028485421
2139460 -0.1048233071 -0.0657139067
1446780 -0.1978598889 0.0055519989
238960 -0.0126009055 -0.1211942957
2054970 -0.0335605853 -0.0936635702
304390 0.0796825008 -0.0958986109
2183900 0.1065448772 -0.1088944666
218 0.0358850171 -0.1749926198
285800 0.0051473049 0.0018412689
308600 -0.2205165681 0.0099802128
275850 0.0015045288 -0.1005533804
2881650 0.0549981677 -0.1514691271
1046930 -0.1065161395 -0.0595886414
359550 0.0837268653 -0.1076646431
1205550 0.0837268653 -0.1076646431
779340 -0.2062960018 0.0359115800
278360 0.0048798545 -0.0926245862
230410 -0.0304528179 -0.0437828199
1100600 -0.0649624012 -0.1429078779
1487290 -0.0649624012 -0.1429078779
526870 0.0417435277 -0.1387955275
243750 0.0417435277 -0.1387955275
1468810 -0.2654145825 0.0936255213
402390 -0.1007448367 -0.2137708700
1363080 -0.0371741019 -0.1592652574
510840 -0.0183603550 -0.0328058419
1097150 0.0889527581 -0.0645540732
1422450 0.0889527581 -0.0645540732
2075730 0.0889527581 -0.0645540732
2050650 -0.0542190456 -0.0183266242
1142710 -0.0206182229 -0.1172711056
395170 -0.1430392157 0.0528486611
96000 -0.0122065072 -0.0351217098
231430 -0.1247696038 -0.1197629007
289070 -0.1247696038 -0.1197629007
550 -0.1247696038 -0.1197629007
976730 -0.1247696038 -0.1197629007
1203620 0.0090546820 -0.1644939838
1888160 -0.0391001469 0.0291742097
491950 -0.0089520756 -0.0422602208
1818750 0.2344740561 -0.0398248375
433850 0.0136339359 0.0257808430
1604030 0.0396331176 -0.1340498240
431960 -0.1868317456 0.0486428780
638070 0.0152317104 -0.0412139104
696370 -0.1037156909 -0.3132504422
0 0 0